              precision    recall  f1-score   support

           0     1.0000    0.9964    0.9982       278
           1     1.0000    1.0000    1.0000       279
           2     1.0000    0.9964    0.9982       279
           3     0.8984    0.9821    0.9384       279
           4     0.9928    0.9892    0.9910       279
           5     0.9816    0.9570    0.9691       279
           6     0.9782    0.9642    0.9711       279
           7     0.9660    0.9176    0.9412       279
           8     0.9719    0.9858    0.9788       281
           9     0.9776    0.9391    0.9580       279
          10     1.0000    1.0000    1.0000       278
          11     0.9823    0.9964    0.9893       279
          12     1.0000    0.9928    0.9964       279
          13     0.9680    0.9749    0.9714       279
          14     0.9202    0.8674    0.8930       279
          15     0.9010    0.9462    0.9231       279
          16     0.9782    0.9676    0.9729       278
          17     0.8889    0.8921    0.8905       278
          18     0.9502    0.9570    0.9536       279
          19     0.8176    0.8674    0.8417       279
          20     0.9328    0.8961    0.9141       279
          21     0.9820    0.9785    0.9803       279
          22     0.9786    0.9857    0.9821       279
          23     0.9894    1.0000    0.9947       279
          24     0.9964    0.9857    0.9910       279

    accuracy                         0.9614      6973
   macro avg     0.9621    0.9614    0.9615      6973
weighted avg     0.9621    0.9614    0.9615      6973
